Precision: 0.7745241581259151
Recall: 0.6600124766063631
F1: 0.7126978780734253
AUC: 0.798609704154354
