Precision: 0.7871870397643593
Recall: 0.6668746101060512
F1: 0.7220533603512326
AUC: 0.8039775700887034
